2.2	0
4.4	0
6.6	0
8.8	0
11	0
13.2	0
15.4	0
17.5	0
19.7	0
21.9	0
24.1	0
26.3	0
28.5	0
30.5	0
32.7	0
34.9	0
37.1	0
39.3	0
41.5	0
43.7	0
45.9	0
48.1	0
50.2	0
52.3	0
54.5	0
56.7	0
58.9	0
61.1	0
63.3	0
65.4	0
67.6	0
69.8	0
72	0
74.2	0
76.4	0
78.5	0
80.7	0
82.9	0
85.1	0
87.3	0
89.5	0
91.7	0
93.9	0
96.1	0
98.3	0
2.2	1
4.4	1
6.6	1
8.8	1
11	1
13.2	1
15.4	1
17.6	1
19.8	1
22	1
24.2	1
26.4	1
28.6	1
30.8	1
32.9	1
35.1	1
37.3	1
39.5	1
41.7	1
43.9	1
46	1
48.2	1
50.4	1
52.6	1
54.8	1
57	1
59.2	1
61.4	1
63.6	1
65.8	1
68	1
70.2	1
72.3	1
74.5	1
76.7	1
78.9	1
81.1	1
83.3	1
85.5	1
87.7	1
89.9	1
91.9	1
94	1
96.1	1
98.3	1
2.2	2
4.4	2
6.6	2
8.8	2
11	2
13.2	2
15.4	2
17.6	2
19.8	2
21.9	2
24	2
26.1	2
28.3	2
30.4	2
32.6	2
34.8	2
36.9	2
39.1	2
41.2	2
43.4	2
45.6	2
47.8	2
50	2
52.2	2
54.3	2
56.5	2
58.7	2
60.8	2
63	2
65.2	2
67.4	2
69.6	2
71.7	2
73.8	2
76	2
78.1	2
80.3	2
82.5	2
84.7	2
86.9	2
89	2
91.2	2
93.4	2
95.6	2
97.8	2
2.2	3
4.4	3
6.5	3
8.7	3
10.9	3
13.1	3
15.2	3
17.4	3
19.5	3
21.7	3
23.9	3
26.1	3
28.3	3
30.5	3
32.6	3
34.8	3
37	3
39.2	3
41.4	3
43.6	3
45.8	3
48	3
50.2	3
52.4	3
54.5	3
56.7	3
58.8	3
61	3
63.2	3
65.4	3
67.6	3
69.8	3
72	3
74.2	3
76.4	3
78.6	3
80.8	3
83	3
85.1	3
87.3	3
89.5	3
91.7	3
93.9	3
96.1	3
98.2	3
2.2	4
4.4	4
6.6	4
8.8	4
11	4
13.2	4
15.4	4
17.3	4
19.5	4
21.6	4
23.8	4
26	4
28.1	4
30.3	4
32.4	4
34.6	4
36.8	4
39	4
41.2	4
43.3	4
45.5	4
47.6	4
49.8	4
52	4
54.2	4
56.4	4
58.6	4
60.8	4
63	4
65.2	4
67.4	4
69.6	4
71.8	4
74	4
76.2	4
78.4	4
80.6	4
82.8	4
85	4
87.2	4
89.4	4
91.6	4
93.8	4
96	4
98.2	4
2.2	5
4.4	5
6.6	5
8.8	5
10.9	5
13.1	5
15.3	5
17.4	5
19.6	5
21.8	5
24	5
26.1	5
28.3	5
30.5	5
32.7	5
34.8	5
37	5
39.2	5
41.4	5
43.6	5
45.7	5
47.8	5
50	5
52.2	5
54.4	5
56.6	5
58.8	5
60.9	5
63.1	5
65.2	5
67.4	5
69.6	5
71.8	5
74	5
76.2	5
78.3	5
80.4	5
82.6	5
84.8	5
86.9	5
89.1	5
91.3	5
93.5	5
95.7	5
97.9	5
2.2	6
4.4	6
6.5	6
8.7	6
10.9	6
13.1	6
15.3	6
17.4	6
19.6	6
21.8	6
24	6
26.2	6
28.4	6
30.6	6
32.8	6
35	6
37.2	6
39.4	6
41.6	6
43.7	6
45.9	6
48.1	6
50.3	6
52.5	6
54.7	6
56.9	6
59.1	6
61.3	6
63.4	6
65.6	6
67.8	6
70	6
72.2	6
74.2	6
76.4	6
78.6	6
80.8	6
83	6
85.1	6
87.3	6
89.5	6
91.6	6
93.8	6
96	6
98.2	6
2.2	7
4.4	7
6.6	7
8.8	7
10.9	7
13	7
15.2	7
17.3	7
19.4	7
21.6	7
23.6	7
25.8	7
28	7
30.2	7
32.4	7
34.5	7
36.7	7
38.8	7
41	7
43.2	7
45.4	7
47.6	7
49.8	7
52	7
54.2	7
56.4	7
58.6	7
60.8	7
63	7
65.2	7
67.3	7
69.5	7
71.7	7
73.9	7
76.1	7
78.3	7
80.5	7
82.7	7
84.9	7
87	7
89.2	7
91.4	7
93.6	7
95.8	7
97.9	7
2.2	8
4.4	8
6.6	8
8.8	8
11	8
13.2	8
15.3	8
17.5	8
19.7	8
21.9	8
24	8
26.2	8
28.4	8
30.6	8
32.7	8
34.9	8
37.1	8
39.2	8
41.3	8
43.4	8
45.5	8
47.7	8
49.8	8
51.9	8
54.1	8
56.3	8
58.4	8
60.4	8
62.6	8
64.8	8
67	8
69.2	8
71.4	8
73.6	8
75.8	8
78	8
80.2	8
82.4	8
84.6	8
86.8	8
89	8
91.2	8
93.4	8
95.6	8
97.8	8
2.2	9
4.4	9
6.6	9
8.8	9
11	9
13.2	9
15.4	9
17.6	9
19.8	9
22	9
24.2	9
26.3	9
28.5	9
30.7	9
32.9	9
35.1	9
37.3	9
39.5	9
41.7	9
43.8	9
45.9	9
48.1	9
50.3	9
52.5	9
54.7	9
56.8	9
58.9	9
61.1	9
63.2	9
65.4	9
67.6	9
69.8	9
72	9
74.1	9
76.3	9
78.5	9
80.7	9
82.8	9
85	9
87.1	9
89.3	9
91.4	9
93.5	9
95.7	9
97.9	9
2.2	10
4.3	10
6.5	10
8.7	10
10.9	10
13.1	10
15.3	10
17.5	10
19.7	10
21.9	10
24.1	10
26.2	10
28.4	10
30.6	10
32.8	10
35	10
37.1	10
39.2	10
41.4	10
43.6	10
45.7	10
47.8	10
50	10
52.2	10
54.4	10
56.6	10
58.8	10
61	10
63.2	10
65.4	10
67.6	10
69.7	10
71.9	10
74.1	10
76.3	10
78.5	10
80.6	10
82.8	10
84.9	10
87.1	10
89.3	10
91.5	10
93.7	10
95.8	10
98	10
2.2	11
4.4	11
6.5	11
8.7	11
10.9	11
13.1	11
15.2	11
17.4	11
19.6	11
21.8	11
24	11
26.2	11
28.4	11
30.6	11
32.8	11
35	11
37.2	11
39.3	11
41.5	11
43.7	11
45.9	11
48.1	11
50.3	11
52.5	11
54.7	11
56.6	11
58.7	11
60.8	11
63	11
65.1	11
67.2	11
69.4	11
71.6	11
73.8	11
76	11
78.2	11
80.3	11
82.3	11
84.5	11
86.6	11
88.7	11
90.9	11
93.1	11
95.2	11
97.4	11
99.6	11
